volume_haleu=0.294118
volume_empty_rods_total=0.018633
volume_sodium_rods_total=0.018633
effective_volume_cylinder=0.331383
radius_cylinder=0.500000
height_cylinder=0.421930
total_effective_area=0.824668
area_cylinder=0.785398
